Nuages linairement sparables (10/100)
2
2
0.662345 0.903957 0
0.808021 0.745219 0
0.971653 0.941125 0
0.731176 0.868942 0
0.734271 0.738165 0
0.831784 0.76622 0
0.95881 0.752815 0
0.9039 0.852622 0
0.990782 0.851458 0
0.772983 0.890967 0
0.0351937 0.0206606 1
0.176401 0.0348115 1
0.0325051 0.238759 1
0.274239 0.0859322 1
0.132764 0.257005 1
0.104477 0.256974 1
0.086254 0.241903 1
0.131909 0.0652334 1
0.332348 0.204865 1
0.0329378 0.0459523 1
0.248775 0.236241 1
0.1257 0.012498 1
0.299921 0.326166 1
0.0799617 0.179756 1
0.158874 0.301656 1
0.0133357 0.266005 1
0.0414794 0.0657508 1
0.296652 0.211327 1
0.264712 0.122632 1
0.176035 0.216541 1
0.218712 0.010477 1
0.248901 0.0730716 1
0.113137 0.293977 1
0.051751 0.0473777 1
0.273504 0.094325 1
0.164012 0.0154367 1
0.333147 0.128868 1
0.191708 0.31421 1
0.0367415 0.0388042 1
0.234916 0.00992709 1
0.0295884 0.191613 1
0.067966 0.0295505 1
0.0940511 0.161731 1
0.0960196 0.25321 1
0.0287584 0.204401 1
0.103517 0.202513 1
0.303033 0.0101494 1
0.23025 0.050733 1
0.114544 0.0611121 1
0.16227 0.0108957 1
0.205186 0.0524327 1
0.0488816 0.142033 1
0.0199281 0.070772 1
0.0361073 0.293575 1
0.216587 0.196634 1
0.322371 0.0608269 1
0.141188 0.0111692 1
0.116107 0.0935123 1
0.184329 0.222137 1
0.0483375 0.129374 1
0.0408488 0.013301 1
0.31958 0.197008 1
0.19964 0.056188 1
0.0916652 0.0432566 1
0.0235868 0.102612 1
0.00461943 0.190855 1
0.0613812 0.232894 1
0.113714 0.0960335 1
0.0805719 0.247662 1
0.0218233 0.00256752 1
0.0800841 0.0461535 1
0.0356597 0.31991 1
0.174351 0.303491 1
0.0199757 0.176308 1
0.0289993 0.182638 1
0.0517804 0.190421 1
0.32612 0.106361 1
0.013832 0.325823 1
0.0269311 0.134001 1
0.15876 0.0434569 1
0.0376225 0.0189012 1
0.130245 0.0807374 1
0.265052 0.258278 1
0.181208 0.223281 1
0.0696894 0.0387784 1
0.164774 0.236093 1
0.324285 0.18893 1
0.0115479 0.330097 1
0.309641 0.278213 1
0.143882 0.0834065 1
0.264123 0.0740587 1
0.159101 0.248761 1
0.041095 0.0679 1
0.0171377 0.100686 1
0.154979 0.170654 1
0.111435 0.229952 1
0.0800104 0.0389135 1
0.0201217 0.299625 1
0.243522 0.0213651 1
0.162732 0.119624 1
0.262363 0.297732 1
0.125753 0.26663 1
0.194634 0.0792104 1
0.228143 0.140419 1
0.0114681 0.263778 1
0.322057 0.0806264 1
0.324296 0.118747 1
0.118787 0.220801 1
0.212368 0.287299 1
0.163577 0.251538 1
