Nuages linairement sparables (50/50)
2
2
0.990681 0.863072 0
0.6765 0.715986 0
0.776633 0.79874 0
0.89661 0.786454 0
0.988434 0.725722 0
0.776792 0.844367 0
0.763261 0.901314 0
0.674841 0.676468 0
0.934801 0.950617 0
0.782215 0.870894 0
0.973441 0.665711 0
0.871228 0.969766 0
0.864187 0.985174 0
0.840354 0.784324 0
0.929625 0.766039 0
0.86166 0.925686 0
0.684574 0.858889 0
0.790147 0.813642 0
0.895928 0.825485 0
0.733858 0.979384 0
0.72926 0.724749 0
0.974205 0.69937 0
0.867278 0.967188 0
0.868018 0.802369 0
0.705586 0.794978 0
0.849944 0.662381 0
0.67412 0.683865 0
0.740084 0.790725 0
0.667585 0.984877 0
0.873435 0.9058 0
0.813355 0.689658 0
0.841468 0.872427 0
0.850881 0.86619 0
0.761802 0.816283 0
0.859328 0.93965 0
0.881564 0.975291 0
0.892974 0.858662 0
0.952972 0.875362 0
0.760507 0.750822 0
0.817993 0.969498 0
0.741216 0.789273 0
0.801729 0.747782 0
0.815662 0.688421 0
0.882661 0.852848 0
0.886712 0.793204 0
0.770201 0.671771 0
0.764318 0.892749 0
0.841306 0.896873 0
0.760177 0.743377 0
0.775974 0.818056 0
0.245975 0.20934 1
0.0861772 0.180822 1
0.109825 0.273286 1
0.0999787 0.0416723 1
0.309232 0.049519 1
0.0492166 0.049141 1
0.0934177 0.0613472 1
0.291944 0.290528 1
0.135161 0.0323376 1
0.167775 0.294687 1
0.0376633 0.066723 1
0.298975 0.0403427 1
0.029929 0.121547 1
0.180947 0.316608 1
0.14146 0.195 1
0.0369181 0.275705 1
0.0345171 0.276049 1
0.299584 0.0777262 1
0.24078 0.300145 1
0.305555 0.0178334 1
0.24685 0.0167811 1
0.110592 0.044459 1
0.00659138 0.0749647 1
0.271466 0.218087 1
0.254709 0.235409 1
0.131034 0.214051 1
0.00804618 0.137822 1
0.139638 0.0598147 1
0.291006 0.132946 1
0.168754 0.13207 1
0.197922 0.308789 1
0.0757824 0.286517 1
0.205998 0.255437 1
0.0111839 0.00299208 1
0.0240106 0.308691 1
0.0634333 0.287767 1
0.302564 0.264697 1
0.0420367 0.117608 1
0.158962 0.0884103 1
0.0611288 0.221066 1
0.0277396 0.279897 1
0.0678168 0.240153 1
0.100055 0.205329 1
0.013261 0.23022 1
0.249427 0.245868 1
0.0330345 0.0172218 1
0.0546623 0.227601 1
0.247936 0.311776 1
0.10151 0.286674 1
0.0456518 0.071616 1
