Nuages non linéairement séparables XOR (100/100)
2
2
0.174242 0.250715 0
0.164157 0.174371 0
0.175003 0.0133327 0
0.328777 0.128622 0
0.123838 0.290876 0
0.318736 0.000604258 0
0.0389688 0.317618 0
0.264568 0.15273 0
0.290551 0.0201262 0
0.112163 0.0319769 0
0.148705 0.24008 0
0.0218181 0.12085 0
0.175659 0.295073 0
0.0759954 0.273339 0
0.0645699 0.0350309 0
0.309981 0.264478 0
0.169661 0.112189 0
0.175686 0.207611 0
0.241165 0.0835582 0
0.222449 0.124535 0
0.12097 0.0951914 0
0.253485 0.0432117 0
0.134655 0.21384 0
0.325435 0.317619 0
0.104988 0.286434 0
0.158679 0.0687515 0
0.0913637 0.110299 0
0.126352 0.134128 0
0.259654 0.0958852 0
0.168196 0.201778 0
0.224394 0.00390048 0
0.0860565 0.282845 0
0.230223 0.0862141 0
0.289827 0.152065 0
0.130625 0.243647 0
0.0210714 0.312602 0
0.0510971 0.166676 0
0.212399 0.131861 0
0.162738 0.012215 0
0.107999 0.211582 0
0.12777 0.289409 0
0.177785 0.158201 0
0.291899 0.0212332 0
0.276243 0.257066 0
0.195652 0.319486 0
0.185753 0.240451 0
0.328844 0.077259 0
0.280831 0.136398 0
0.109357 0.31361 0
0.322438 0.122074 0
0.0650511 0.830959 1
0.28647 0.716245 1
0.271935 0.891948 1
0.305793 0.886488 1
0.177916 0.701944 1
0.0314367 0.709797 1
0.138734 0.770182 1
0.204334 0.827945 1
0.139886 0.735052 1
0.22219 0.884 1
0.0759382 0.776841 1
0.206917 0.853986 1
0.153503 0.837264 1
0.0851711 0.90057 1
0.119463 0.757556 1
0.30641 0.774772 1
0.275177 0.953948 1
0.129735 0.793359 1
0.322011 0.897484 1
0.183453 0.681006 1
0.328783 0.673895 1
0.00988163 0.985204 1
0.108702 0.953486 1
0.152903 0.863877 1
0.0396198 0.723876 1
0.272136 0.836452 1
0.261102 0.738225 1
0.264785 0.769621 1
0.310413 0.935381 1
0.191166 0.842002 1
0.18101 0.783351 1
0.0561083 0.919415 1
0.293135 0.858251 1
0.317708 0.700802 1
0.127503 0.95244 1
0.0724669 0.790915 1
0.0675954 0.826628 1
0.181864 0.711453 1
0.127314 0.778334 1
0.110825 0.851741 1
0.23524 0.832373 1
0.226904 0.672412 1
0.311274 0.661519 1
0.0680785 0.830407 1
0.157677 0.763851 1
0.323912 0.713583 1
0.136531 0.983948 1
0.16075 0.752364 1
0.0795333 0.9468 1
0.0537702 0.845406 1
0.895296 0.665465 0
0.867021 0.801272 0
0.725424 0.85765 0
0.95884 0.957726 0
0.906138 0.903107 0
0.687 0.917697 0
0.9602 0.757728 0
0.915228 0.75692 0
0.965339 0.751307 0
0.811824 0.743121 0
0.904962 0.755968 0
0.871098 0.739701 0
0.794526 0.814624 0
0.730572 0.848737 0
0.937828 0.723914 0
0.843044 0.781111 0
0.955513 0.673774 0
0.731426 0.900044 0
0.940245 0.780335 0
0.990666 0.701575 0
0.895894 0.926011 0
0.676344 0.877697 0
0.843722 0.678626 0
0.744859 0.825748 0
0.742337 0.800429 0
0.751307 0.829933 0
0.764561 0.746925 0
0.94561 0.762904 0
0.700074 0.98735 0
0.67943 0.665557 0
0.94669 0.880483 0
0.762874 0.841273 0
0.926016 0.686522 0
0.717116 0.746946 0
0.829026 0.926459 0
0.926447 0.680137 0
0.887472 0.713125 0
0.81589 0.7476 0
0.799905 0.683801 0
0.770968 0.916657 0
0.947739 0.677123 0
0.686187 0.929186 0
0.788941 0.75674 0
0.865024 0.848856 0
0.792311 0.818538 0
0.775019 0.688719 0
0.852274 0.744351 0
0.96264 0.804541 0
0.898985 0.782885 0
0.833148 0.815833 0
0.855418 0.28943 1
0.74758 0.22555 1
0.689131 0.217138 1
0.988426 0.318988 1
0.66369 0.309266 1
0.847333 0.190172 1
0.821174 0.177483 1
0.897102 0.260836 1
0.85597 0.239304 1
0.769496 0.238956 1
0.697685 0.250631 1
0.842035 0.151031 1
0.956173 0.148761 1
0.727352 0.271768 1
0.868545 0.17651 1
0.757697 0.188872 1
0.693483 0.283575 1
0.863632 0.0572744 1
0.938272 0.186792 1
0.748897 0.117421 1
0.793694 0.189589 1
0.840877 0.0128296 1
0.979788 0.179661 1
0.7972 0.0331699 1
0.770153 0.12819 1
0.94534 0.284353 1
0.736977 0.162615 1
0.862573 0.292997 1
0.906885 0.225152 1
0.949892 0.259891 1
0.664484 0.308613 1
0.73966 0.252862 1
0.803305 0.15314 1
0.969599 0.0413157 1
0.798126 0.171943 1
0.746144 0.0623794 1
0.917898 0.287216 1
0.842738 0.0482118 1
0.819595 0.0100628 1
0.737709 0.0467638 1
0.745583 0.168243 1
0.687267 0.266884 1
0.896118 0.0839157 1
0.736665 0.222284 1
0.857651 0.0400811 1
0.889569 0.135491 1
0.733474 0.158817 1
0.712569 0.121515 1
0.685395 0.241918 1
0.923342 0.245025 1
